V 54
K 1
D 0 -254000 3048000 0
Y 1
U 2667000 762000 254000 0 2 3 REFDES=T?
U 2667000 508000 254000 0 2 3 DEVICE=ESMIT-4180_A
U 2667000 254000 254000 0 2 0 PKG_TYPE=ESMIT4180A
U 2667000 0 254000 0 2 0 Description=Pulse Transformers
U 2667000 -254000 254000 0 2 0 Datasheet Link=http://products.sumida.com/products/pdf/CBM5D33(ESMIT4180).pdf
U 2667000 -508000 254000 0 2 0 Height=3.5
U 2667000 -762000 254000 0 2 0 Mouser Part Number=851-ESMIT-4180/A
U 2667000 -1016000 254000 0 2 0 Mouser Price/Stock=https://www.mouser.co.uk/ProductDetail/Sumida/ESMIT-4180-A?qs=Yx5fhyb%252BnH2J%2FiILZQpWMg%3D%3D
U 2667000 -1270000 254000 0 2 0 Manufacturer_Name=Sumida
U 2667000 -1524000 254000 0 2 0 Manufacturer_Part_Number=ESMIT-4180/A
U 0 0 254000 0 1 0 FORWARD_PCB=1
l 5 508000 254000 2540000 254000 2540000 -508000 508000 -508000 508000 254000
|GRPHSTL -1 -1 -1 1
P 1 0 -254000 508000 -254000 0 2 0
L 584200 -254000 228600 0 2 0 1 0 PRI_1
A 355600 -203200 203200 0 9 3 #=1
A 0 0 9 0 3 0 PINTYPE=BI
P 2 3048000 -254000 2540000 -254000 0 3 0
L 2463800 -254000 228600 0 8 0 1 0 PRI_2
A 2692400 -203200 203200 0 3 3 #=2
A 0 0 9 0 3 0 PINTYPE=BI
P 3 3048000 0 2540000 0 0 3 0
L 2463800 0 228600 0 8 0 1 0 SEC_1
A 2692400 50800 203200 0 3 3 #=3
A 0 0 9 0 3 0 PINTYPE=BI
P 4 0 0 508000 0 0 2 0
L 584200 0 228600 0 2 0 1 0 SEC_2
A 355600 50800 203200 0 9 3 #=4
A 0 0 9 0 3 0 PINTYPE=BI
E
