V 54
K 1
D 0 -254000 4064000 0
Y 1
U 3683000 762000 254000 0 2 3 REFDES=Y?
U 3683000 508000 254000 0 2 3 DEVICE=NX3225GA_25MHZ_EXS00A-CG06750
U 3683000 254000 254000 0 2 0 PKG_TYPE=NX3225GA25MHZEXS00ACG06750
U 3683000 0 254000 0 2 0 Description=CRYSTAL 25MHZ 8PF SMD
U 3683000 -254000 254000 0 2 0 Datasheet Link=https://www.ndk.com/images/products/catalog/c_NX3225GA-2_e.pdf
U 3683000 -508000 254000 0 2 0 Height=0.9
U 3683000 -762000 254000 0 2 0 Manufacturer_Name=NDK
U 3683000 -1016000 254000 0 2 0 Manufacturer_Part_Number=NX3225GA 25MHZ EXS00A-CG06750
U 3683000 -1270000 254000 0 2 0 Mouser Part Number=
U 3683000 -1524000 254000 0 2 0 Mouser Price/Stock=
U 3683000 -1778000 254000 0 2 0 Arrow Part Number=
U 3683000 -2032000 254000 0 2 0 Arrow Price/Stock=
U 0 0 254000 0 1 0 FORWARD_PCB=1
l 5 508000 254000 3556000 254000 3556000 -508000 508000 -508000 508000 254000
|GRPHSTL -1 -1 -1 1
P 1 0 -254000 508000 -254000 0 2 0
L 584200 -254000 228600 0 2 0 1 0 CRYSTAL_1
A 355600 -203200 203200 0 9 3 #=1
A 0 0 9 0 3 0 PINTYPE=BI
P 2 4064000 -254000 3556000 -254000 0 3 0
L 3479800 -254000 228600 0 8 0 1 0 GND_1
A 3708400 -203200 203200 0 3 3 #=2
A 0 0 9 0 3 0 PINTYPE=BI
P 3 4064000 0 3556000 0 0 3 0
L 3479800 0 228600 0 8 0 1 0 CRYSTAL_2
A 3708400 50800 203200 0 3 3 #=3
A 0 0 9 0 3 0 PINTYPE=BI
P 4 0 0 508000 0 0 2 0
L 584200 0 228600 0 2 0 1 0 GND_2
A 355600 50800 203200 0 9 3 #=4
A 0 0 9 0 3 0 PINTYPE=BI
E
